params={'alpha': 0.4275932000556265,
 'colsample_bytree': 0.3303272480369658,
 'eval_metric': 'mlogloss',
 'lambda': 0.013685373489365672,
 'learning_rate': 0.08882012188858979,
 'max_depth': 17,
 'min_child_weight': 223,
 'num_class': 2,
 'objective': 'multi:softprob',
 'subsample': 0.5807927818586308,
 'n_estimators':5000,
 'tree_method': 'gpu_hist'}